amplitudes: [0.01595026 0.16788939 0.62865773 0.57060877 1.         0.24871659
 0.17013367 0.05831784 0.015625  ], frequencies: [1.08906793e+09 1.08930095e+09 1.08953397e+09 1.08976698e+09
 1.09000000e+09 1.09023302e+09 1.09046603e+09 1.09069905e+09
 1.09093207e+09]amplitudes: [0.01595517 0.19515104 0.79730326 0.66901521 1.         0.23787399
 0.15779291 0.05814765 0.015625  ], frequencies: [1.08906793e+09 1.08930095e+09 1.08953397e+09 1.08976698e+09
 1.09000000e+09 1.09023302e+09 1.09046603e+09 1.09069905e+09
 1.09093207e+09]amplitudes: [0.01599813 0.21193753 0.85595417 0.64510763 1.         0.28003358
 0.17888085 0.06009768 0.015625  ], frequencies: [1.08906793e+09 1.08930095e+09 1.08953397e+09 1.08976698e+09
 1.09000000e+09 1.09023302e+09 1.09046603e+09 1.09069905e+09
 1.09093207e+09]amplitudes: [0.01594329 0.17710487 0.68370068 0.61119825 1.         0.24893134
 0.16013198 0.05827553 0.015625  ], frequencies: [1.08906793e+09 1.08930095e+09 1.08953397e+09 1.08976698e+09
 1.09000000e+09 1.09023302e+09 1.09046603e+09 1.09069905e+09
 1.09093207e+09]amplitudes: [0.01596533 0.21358268 0.88964454 0.61082799 1.         0.26106549
 0.17348701 0.05985876 0.015625  ], frequencies: [1.08906793e+09 1.08930095e+09 1.08953397e+09 1.08976698e+09
 1.09000000e+09 1.09023302e+09 1.09046603e+09 1.09069905e+09
 1.09093207e+09]amplitudes: [0.01599108 0.21621694 0.88219049 0.70827534 1.         0.24652978
 0.18325125 0.06572081 0.015625  ], frequencies: [1.08906793e+09 1.08930095e+09 1.08953397e+09 1.08976698e+09
 1.09000000e+09 1.09023302e+09 1.09046603e+09 1.09069905e+09
 1.09093207e+09]amplitudes: [0.01596418 0.17632072 0.69344788 0.59968143 1.         0.25024283
 0.15458554 0.05313917 0.015625  ], frequencies: [1.08906793e+09 1.08930095e+09 1.08953397e+09 1.08976698e+09
 1.09000000e+09 1.09023302e+09 1.09046603e+09 1.09069905e+09
 1.09093207e+09]amplitudes: [0.01595924 0.21107303 0.87010718 0.64307081 1.         0.26437543
 0.17751124 0.06080923 0.015625  ], frequencies: [1.08906793e+09 1.08930095e+09 1.08953397e+09 1.08976698e+09
 1.09000000e+09 1.09023302e+09 1.09046603e+09 1.09069905e+09
 1.09093207e+09]amplitudes: [0.01594069 0.21762501 0.94812939 0.72979761 1.         0.24819686
 0.17169605 0.06281812 0.015625  ], frequencies: [1.08906793e+09 1.08930095e+09 1.08953397e+09 1.08976698e+09
 1.09000000e+09 1.09023302e+09 1.09046603e+09 1.09069905e+09
 1.09093207e+09]amplitudes: [0.01601289 0.20318753 0.79415854 0.58101129 1.         0.24923434
 0.15857994 0.05764612 0.015625  ], frequencies: [1.08906793e+09 1.08930095e+09 1.08953397e+09 1.08976698e+09
 1.09000000e+09 1.09023302e+09 1.09046603e+09 1.09069905e+09
 1.09093207e+09]amplitudes: [0.0159233  0.16750041 0.772222   0.70289889 1.         0.23982837
 0.17434833 0.0591119  0.015625  ], frequencies: [1.08906793e+09 1.08930095e+09 1.08953397e+09 1.08976698e+09
 1.09000000e+09 1.09023302e+09 1.09046603e+09 1.09069905e+09
 1.09093207e+09]